x,y,z
39.45909882,50.14102554,8.12666607
49.6937027,47.91831207,2.93018222
65.17836761,18.91070938,70.68084717
22.90769958,61.14263916,0.88731295
53.95727158,25.70375061,22.94205284
40.6874733,92.73311615,55.88232422
27.55237579,93.97141266,67.45136261
45.14073563,49.02185822,11.28460121
12.93362617,59.27845383,14.78644943
44.22318268,97.4638443,67.59170532
6.82569742,67.69071198,8.0135355
62.91014862,74.46009827,93.6348877
24.36515808,32.89372635,37.78547668
23.96843529,57.62452316,19.73621178
86.95259857,14.71015167,74.10710144
54.91722488,9.31211662,83.26439667
46.93050766,65.19138336,16.8302784
80.81167603,14.05828667,82.47102356
94.81494904,99.11510468,13.6979208
67.43198395,88.25045013,46.68076706
57.2543335,97.62008667,93.41596985
99.89259338,94.79768372,21.81084442
37.07126999,95.38189697,68.23530579
28.54658508,53.89118576,1.57481301
56.89177704,23.77928543,6.58287859
80.54001617,27.79802704,34.54416656
44.23336029,79.07972717,98.73845673
67.56000519,17.99660301,11.16627407
58.94591904,11.2024622,79.81736755
43.42028427,48.79083633,7.31849527
54.62800598,99.94132996,83.79678345
5.68002748,34.67403412,30.7105217
78.54908752,90.10887909,15.23036957
97.91606903,18.45188332,67.1240387
53.97767258,69.29884338,37.08269119
46.85355759,83.39954376,90.82160187
27.75287056,27.28370476,0.42737603
32.54044342,76.07624817,18.59289932
52.16914749,29.61883163,21.74172211
94.78448486,17.12469482,68.89450836
95.64273071,97.25305176,71.42802429
47.20846176,67.88041687,36.8159523
59.96182632,18.93611908,62.41728592
15.34524822,56.46065521,12.31658173
43.86275864,9.51222134,91.0530014
35.34391022,7.02379513,15.44955444
25.20826149,92.23532104,59.42168427
28.38111496,62.39302444,25.66025352
50.48204041,35.85274887,20.19023323
0.42261738,38.17058945,66.24113464
65.07822418,95.3081131,73.67695618
9.4583292,40.00665665,30.28948212
58.98797607,13.47846127,0.72029972
94.25283813,99.25217438,9.60337543
18.13705635,39.31548691,35.4634285
10.50751019,68.03385162,9.95000553
79.26101685,26.36541748,20.27647781
65.4553833,14.99801064,9.6687479
13.1223278,94.88980103,77.50252533
15.8502388,99.89917755,27.55600548
85.64646149,14.81798935,66.32554626
67.16806793,83.30910492,16.46330261
16.12612343,91.01776123,71.83273315
21.02583122,80.8388443,53.2773819
59.00003815,46.95730972,1.27656138
70.22079468,83.62200928,31.34224701
64.46434021,0.87861693,10.79106331
9.00222778,64.10705566,10.71410179
90.18812561,15.36781693,71.4972229
54.20554733,24.91437149,25.06918526
89.04219055,11.56423187,75.29788208
56.00485611,19.49224854,56.28214264
60.30218124,77.81716919,37.72376251
11.75491524,71.21614075,33.69659805
29.53998566,97.33500671,31.79818726
13.38637543,99.35694122,36.26028061
26.71674728,77.54885864,23.90510559
12.61768246,87.96324158,31.87819099
21.40216446,58.78743362,4.93920231
12.00963974,71.69371796,36.09418488
24.00254822,28.29490852,1.19901228
59.71747589,18.93746376,81.86467743
17.57374191,98.3581543,23.41616249
46.7877121,73.33365631,14.36053562
36.98521423,12.83555317,17.1014328
63.64023209,12.47727108,7.46689129
92.28289795,85.22635651,39.84902954
11.44450569,69.71749115,40.04681396
59.96241379,9.35697937,1.88359058
8.44069767,39.82361221,25.48759842
65.40423584,85.99537659,40.27062988
28.07829285,69.56008911,33.09179688
83.36801147,91.70015717,67.35165405
10.66044617,93.51597595,28.44305229
46.78479004,25.05144119,27.61610413
53.27545929,20.3413868,43.3314209
11.08774376,39.86724854,36.84846878
38.3153038,5.38944149,41.82444763
67.89520264,65.26529694,77.84112549
37.73399353,54.18621063,98.80477142
58.15312576,44.48385239,17.91434288
94.77760315,80.09546661,27.02213287
75.66793823,25.80605316,18.05353165
78.32397461,14.98705196,83.16589355
34.83325577,50.13285065,6.51337528
56.65797424,98.9943161,82.5477829
80.78900909,91.05523682,40.64958191
73.5331955,25.23847961,17.16612244
57.37364197,47.54032898,1.49368823
23.04159737,61.22431564,75.41672516
66.78812408,24.48253441,18.65147209
23.02714348,18.79517365,39.71298599
50.80821991,38.96966553,45.13620758
64.37297058,67.14296722,97.32710266
29.45986748,72.90740204,17.38766289
10.18949413,44.06120682,44.59989929
48.52925491,49.95689392,34.40731812
48.76519394,82.77347565,92.55237579
12.09194946,60.16533661,61.69710922
51.06822586,65.18645477,45.98810959
71.20452118,22.99971771,31.07967758
99.4176178,94.53159332,59.44625854
58.20547867,19.93514061,1.10095775
7.22831917,86.17739868,64.80127716
15.26895618,69.51721954,70.44766998
21.93373108,13.22716808,41.18727493
42.3600769,79.80995178,97.15400696
55.0017128,21.56389046,35.49325562
54.31752777,31.52156448,8.31678772
37.64659882,92.04689789,60.81872177
45.39229202,55.76176453,13.96585464
42.87689209,94.32175446,60.00581741
58.15615845,13.37585163,81.85066223
75.6446991,15.40569305,14.39307404
17.5382843,97.71356201,25.44385338
32.34989166,48.41487122,6.21806383
50.39280701,80.6505127,89.35041809
32.43099594,38.82841873,17.82892227
39.2400856,99.30177307,69.97252655
66.08235168,32.29900742,37.08789062
78.10047913,64.22973633,77.97166443
50.11032486,50.30953598,29.96434212
15.89691639,32.94768906,49.53284073
50.97683334,10.17512989,81.9143219
68.75414276,79.43908691,99.38285065
12.78339481,54.67504501,22.94577789
54.67359543,42.93210983,19.56251335
80.07463837,64.53079987,79.05871582
82.74123383,78.7826004,85.39691925
11.31818199,82.322052,17.34060478
10.08247852,44.26638412,27.95187569
83.6726532,99.97523499,32.0829277
11.46805859,58.01753616,55.01409531
18.01921082,58.39319229,8.58528519
49.56185532,67.28051758,36.50389862
63.52177811,61.53692245,82.75151062
87.31832886,68.52252197,22.08668327
5.81392288,57.86362457,91.67375183
12.46658707,63.96018219,64.00031281
19.30713654,23.30576324,75.89253235
27.81871796,71.1236496,22.58250046
28.67131042,29.6955471,31.50339317
84.08415985,21.380476,69.62560272
12.8274641,62.75814056,3.70581532
54.52559662,2.49243903,88.23574066
8.7851696,57.93254471,60.28329468
24.40662575,29.4708004,50.09582901
35.63917923,83.49216461,65.03781128
38.92816544,74.89305878,72.6299057
61.48756027,19.94400215,78.51496124
65.13465118,14.02854061,56.92850494
64.48869324,86.15042877,46.77402115
74.89109802,16.48149109,74.33391571
8.86995983,90.08411407,78.97836304
36.28026199,90.049263,55.38116837
51.15813828,39.33083725,19.21146393
56.55858612,43.04840088,19.9430027
8.88240147,68.90182495,31.09106255
41.57773209,50.12119293,99.83925629
57.42405319,20.22396469,16.15526772
55.95364761,21.17064095,63.21582794
82.31562805,64.73707581,79.66631317
0.42981493,49.07639313,23.23413849
27.26641655,46.26013565,6.54947042
26.33394051,93.52606964,26.81142998
98.73349762,24.15942192,37.76200485
4.60768461,72.13217163,40.84778214
50.25688171,25.88676071,56.9174118
69.75479889,24.01783752,14.16308975
88.12299347,73.23194885,74.94947052
2.61020899,56.80675125,90.60219574
75.86590576,44.92004013,88.90831757
81.63224792,82.2141037,27.7404995
93.71115875,15.74996758,69.23369598
8.37802124,99.91719818,78.57384491
39.86849213,75.50431824,65.93522644
39.95941162,55.173172,80.45001984
40.72359848,92.46133423,44.40604019
50.12691116,0.17004223,66.88354492
15.68203259,65.31362152,21.24809265
24.143713,57.16658783,3.30969644
89.33189392,73.29977417,74.13686371
95.2912674,72.16356659,70.7348175
11.00264645,58.56463623,98.67116547
37.22403717,9.46685123,43.18000412
38.66850662,81.1394043,31.63804817
61.95385361,70.13986969,66.23442841
57.83799744,74.1394577,81.34807587
88.5243988,93.61624908,56.55970383
10.99008369,59.55267334,91.55950928
31.34909058,96.59241486,34.41765976
38.78798676,93.49205017,59.1179924
56.68544006,26.0556469,51.04833603
48.92153168,29.09972572,3.82780147
85.63209534,11.49078465,95.78539276
97.98053741,70.54110718,72.61952972
40.93982697,59.99149704,52.94159317
52.64277649,76.45471191,99.21353149
60.25624466,20.95514297,82.03440094
65.17819214,87.09017944,47.89266968
97.18190765,77.47136688,14.81142712
97.78648376,97.75968933,3.71589947
7.48276377,25.22451782,1.54241705
20.75488853,63.09543228,98.19996643
24.59539986,91.29430389,69.57093811
28.88976288,21.90781784,48.49511719
35.04571533,61.0513649,21.37391472
52.492733,69.50596619,19.77191544
64.39822388,92.30357361,99.37722778
64.15911102,73.79212189,65.86785126
65.68627167,81.00324249,28.28120422
76.87898254,27.61554718,18.9430027
96.38809967,10.52122211,78.99312592
22.44880867,97.74472809,97.51712799
25.88323975,91.62342072,26.22019196
38.97187042,9.57348061,94.29756165
29.5805378,65.42160034,28.78394508
41.33475876,18.71048546,64.92004395
41.0723877,55.13089371,50.98762894
55.74707794,71.59497833,20.37356567
67.30043793,30.74604416,35.92932892
23.25671577,72.08615112,15.40665627
32.97926712,81.79375458,18.52206421
39.93641663,83.44966125,44.62493896
48.36446381,46.52952957,28.08282661
67.7088623,16.14788818,67.741539
82.32936096,99.10343933,32.72310638
2.73331857,38.02959061,24.54588699
4.10718346,82.30986786,72.17051697
21.10383034,97.11042023,29.5272007
23.36812592,69.53135681,13.42221165
40.57986832,74.96466827,66.1212616
39.96310043,75.01953125,12.51457787
47.70413971,49.70464325,44.94653702
85.02119446,75.99250031,24.0343132
86.40193176,84.55796051,29.46154594
91.16342926,76.3247757,24.95915031
97.02703857,96.47566223,8.2923584
90.73473358,86.45787811,84.93663788
60.25754166,0.65202504,33.71833801
7.9189744,38.08069611,49.78110123
16.7894268,94.43302155,71.96133423
25.16992188,76.25315094,26.97995377
28.94021988,46.81737137,17.54122925
42.97578049,65.50177765,21.16406059
73.24816895,87.04104614,15.55942917
83.47557068,27.07006454,34.53342056
2.88655901,99.74460602,70.49874115
8.01340771,38.88064957,51.11155319
20.15081978,82.65642548,53.52838898
14.9351244,57.33977127,11.58861446
39.70518494,85.43479156,48.25745773
42.26295853,11.16574955,43.3996315
79.72079468,91.92498016,42.46884155
86.53223419,84.63835144,77.44398499
93.76537323,8.64006805,23.68074036
46.07053757,0.45308045,5.56866121
11.83385372,16.74485016,39.5226326
22.67105103,80.20901489,66.31809235
27.73263359,22.89631844,48.05283737
33.38361359,99.53683472,93.87574768
45.4432106,62.5273819,13.90502453
50.35287094,47.76374054,47.52682495
56.31111145,89.97683716,2.60820723
49.11958694,68.41674805,18.21296883
58.8926239,76.43946838,37.67767334
68.90914917,22.31734467,49.67709732
88.88050842,97.11833191,65.32303619
98.72989655,19.91223526,92.72042084
15.19064236,58.43775558,11.73922157
26.71184731,93.52354431,54.77917099
40.58798599,94.9936142,63.03918457
73.58114624,10.25218678,91.44374847
57.91625214,43.43557739,19.81020737
95.03020477,90.68186188,56.51867294
20.59465599,33.20012283,46.76506805
13.21787453,9.39089394,38.64705658
17.47877884,64.73399353,79.83129883
38.40359116,73.44887543,13.79850197
40.05303574,98.34393311,69.72425079
39.1004982,63.51184845,22.2225647
50.33486938,34.20512772,9.23104572
44.54849625,88.43553925,39.4104805
49.05340958,48.31911469,28.93807983
63.2345314,13.99094391,75.2744751
64.53587341,8.91629791,10.53333378
68.55283356,59.54660797,75.47992706
2.73949623,54.63860703,22.84292221
8.32962513,44.06638718,48.80065918
29.49518204,98.57957458,25.34943008
37.61645889,71.87221527,13.92108917
38.00144577,80.55340576,30.54148483
61.85845184,27.13661766,66.5537796
58.86637115,72.2521286,74.84441376
76.84348297,23.34205246,90.58014679
91.98046875,11.55339527,18.89915848
95.74652863,21.73139572,79.26367188
11.33062172,6.32348108,37.80325699
15.98245716,91.94532013,23.46338463
31.09578323,55.66161346,97.13536835
40.14398193,9.71962929,86.3738327
42.178936,80.41998291,95.01071167
37.60192871,49.18312454,6.90619612
45.76410675,74.76242828,70.94477081
54.89321899,24.81492424,16.16227531
57.90423965,74.71974182,82.96544647
96.0636673,45.45993042,6.32515144
1.59845769,34.81804276,24.33197594
12.5749445,59.65542984,91.44514465
15.61795998,67.74436951,72.92629242
16.25656509,93.35377502,22.40896416
22.74955368,61.81361771,76.91413879
35.39716339,10.64043331,98.87332153
31.23739243,59.28454208,60.11178589
56.65592575,77.17492676,88.5994339
49.81511307,86.97436523,41.11713791
51.82693863,44.35742569,30.42242432
66.03388214,64.48978424,78.74419403
54.56442261,28.89411163,7.66915178
79.87469482,91.18409729,16.51841736
88.79792023,16.33862686,77.2954483
9.18900013,56.82250595,99.85295868
20.70611,73.15415192,59.16658783
49.16115952,19.33654976,47.60175323
54.20557404,79.15287018,88.95795441
58.66446304,19.52639389,91.98594666
62.28174591,88.2289505,79.17893982
56.10219955,24.34310722,20.96314621
71.73377228,7.63474846,97.31720734
78.22760773,98.08695984,35.45806122
10.80087376,25.3958931,1.64040875
1.61632931,51.66971588,43.19989395
14.77604961,67.99890137,23.287714
20.27029037,64.6190567,20.3584404
27.93898392,80.97650909,52.54299927
30.99156761,35.4332428,42.33499146
34.11737442,76.88270569,18.29228592
45.84999847,99.96972656,95.92946625
40.45679855,95.95121765,32.046978
47.33837128,44.83164978,23.61358452
40.84061432,94.313797,58.10577393
48.6638031,58.62497711,17.66374779
54.62017441,44.86567307,14.49997234
74.28343201,40.49417877,22.80940819
75.97750854,80.08115387,83.85943604
94.77574921,60.37846375,7.1454711
94.23402405,65.0568924,93.58958435
1.0530417,51.16543961,23.53860092
9.45812225,71.36032867,33.03217697
7.87656689,47.49207306,56.69755554
0.5269199,7.850564,8.22354794
11.00075436,14.05979252,66.65854645
11.00665474,26.24478149,55.35322952
21.27181053,96.19233704,41.87194443
25.70644379,71.45892334,27.49255562
46.66638184,45.64946747,17.20163918
78.13670349,65.42354584,22.40862846
82.17750549,89.55302429,30.24978447
83.51085663,92.23646545,64.75054169
78.85531616,28.90380096,19.47183037
7.34509277,63.52402115,3.2460916
9.4484787,62.5343399,15.36136913
1.61601543,53.3196907,91.99477386
8.8805418,84.08724213,55.65119553
14.55096531,99.6620636,28.01484489
8.99691677,44.0201683,46.27443695
9.70489979,1.38419497,37.55965805
14.03580379,69.14582062,9.99993992
23.7076683,95.59269714,57.88703918
24.32949448,83.79262543,70.17771149
41.77786636,9.44970608,92.1317749
42.28866196,80.60082245,98.32041931
33.83537292,87.84375763,17.44753075
36.72797394,91.13686371,95.70056152
47.65934372,29.26447678,46.34658051
42.95523834,93.60264587,41.0119133
59.72566223,75.55979919,88.84710693
60.08296204,80.7607193,28.1012249
57.02016068,49.77898026,2.43011665
75.7804718,16.81152344,83.09829712
79.12630463,20.23376656,22.27511406
86.20368958,88.38330841,29.511446
51.87565231,41.08053207,4.49883652
6.83274508,89.7040863,78.25167847
2.2064302,12.36804676,35.80368805
2.29213166,40.1478157,69.18117523
13.99245453,33.99084091,4.65354776
27.53759956,70.30113983,15.68905163
43.5290451,74.39982605,68.18742371
47.27147293,83.31718445,39.01816177
62.62151337,20.46821213,73.04367065
67.21904755,18.79714775,85.78734589
58.28572845,98.25079346,81.14057159
73.37905884,8.8437767,94.09342957
65.31774139,91.46247101,76.70502472
73.11782837,16.66592789,72.70922089
70.27067566,23.56811905,15.46098423
76.12301636,86.68845367,29.28086662
73.51354218,22.47865486,22.6790123
71.18333435,27.51676178,58.10484695
87.70386505,29.24692154,21.03011703
85.22340393,74.74742126,91.92132568
96.52326965,8.95698452,7.33455992
47.49430847,1.32493961,6.8341608
7.95390606,64.76256561,10.13826466
12.17008591,89.69197083,68.03984833
20.8844986,48.9613266,31.16687393
24.34995079,65.15618896,12.11394691
28.27547646,89.76432037,54.74961853
26.36240768,35.29613113,33.24030304
38.67276001,55.04240417,11.21672153
56.20021439,22.19604683,11.05247116
54.15947723,47.15929031,48.51612091
54.53595734,20.65982437,39.0902977
56.33598328,43.03933334,12.03389072
67.26553345,15.356493,66.32518768
76.65619659,56.95367813,75.98162842
74.68507385,78.63037872,86.15346527
83.51345062,59.08233643,27.23511314
96.59832764,78.7583847,49.88411331
90.61662292,42.00490952,75.27379608
95.94477081,17.74236107,68.35675049
10.53173256,63.59092331,11.14233494
5.01218081,84.56854248,12.36271954
9.72570229,85.20864105,70.17306519
13.14692211,83.91933441,70.55677795
13.21742249,34.10803604,17.74069977
22.17771339,57.37931824,19.88989639
14.79832935,43.92259216,82.41236877
21.02723312,31.52214241,78.68599701
27.16166496,91.60544586,53.70467377
30.94601631,95.23802948,37.83346558
29.36258316,88.3466568,68.67842865
39.34737396,96.94558716,7.85358429
36.27587128,75.55595398,15.97633743
42.52218628,18.10340881,3.25991607
42.88314438,77.20288086,9.49671936
40.62786102,80.8532486,50.44378281
50.52892685,48.34876251,34.84867477
61.99863815,67.46039581,66.12997437
74.58148193,87.96231842,16.17226791
0.96338052,77.41104889,17.00551224
